[BEGIN]
## 20220821
** 2023届高三3班
4164	0.833333333	
7684	0.833333333	0.916666667
4781	0.75	
7692	0.791666667	
2693	0.541666667	
2728	0.833333333	
2704	0.791666667	0.916666667
20030	0.5	
2716	0.833333333	
2710	0.958333333	
2702	0.333333333	0.333333333
4768	0.916666667	
10027	0.708333333	
20035	0.791666667	
1003	0.583333333	
1015	0.875	
[END]


[BEGIN]
## 20220821
** 2023届高三10班
4164	0.875	
7684	0.9167	0.875
4781	0.8333	
7692	0.7917	
2693	0.8333	
2728	0.875	
2704	0.5417	0.8333
20030	0.7153	
2716	0.7083	
2710	0.9583	
2702	0.2083	0.7917
4768	1	
10027	0.6458	
20035	0.6042	
1003	0.4375	
1015	0.8542	
[END]

[BEGIN]
## 20220821
** 2023届高三9班
4164	0.806451613	
7684	0.838709677	
4781	0.838709677	
7692	0.677419355	
2693	0.483870968	
2728	0.64516129	
2704	0.677419355	0.838709677
20030	0	
2716	0.806451613	
2710	0.967741935	
2702	0.483870968	0.741935484
4768	0.903225806	
10027	0.322580645	
20035	0.387096774	
1003	0.35483871	
1015	0.806451613		
[END]

[BEGIN]
## 20220821
** 2023届高三12班
4164	0.75
7684	0.916666667
4781	0.833333333
7692	0.541666667
2693	0.458333333
2728	0.791666667
2704	0.583333333
20030	0
2716	0.75
2710	1
2702	0.333333333
4768	0.875
10027	0.25
20035	0.333333333
1003	0.25
1015	0.75
[END]

[BEGIN]
## 20220822
** 2023届高三10班
4164	0.875	
7684	0.958333333	0.916666667
4781	0.916666667	
7692	0.666666667	
2693	0.791666667	
2728	0.958333333	
2704	0.833333333	0.916666667
20030	0.916666667	0.083333333
2716	0.708333333	
2710	1	
2702	0.125	0.041666667
4768	0.958333333	
10027	0.125	
20035	0.125	
1003	0.25	
1015	0.583333333	
[END]


[BEGIN]
## 20220822
** 2023届高三8班
4164	0.935483871	
7684	0.838709677	0.903225806
4781	0.774193548	
7692	0.612903226	
2693	0.774193548	
2728	0.806451613	
2704	0.677419355	0.967741935
20030	0.193548387	
2716	0.64516129	
2710	0.935483871	
2702	0.483870968	0.709677419
4768	0.935483871	
10027	0.322580645	
20035	0.35483871	
1003	0.290322581	
1015	0.774193548	
[END]


[BEGIN]
## 20220822
** 2023届高三10班
3501	0.8
2697	0.9667
2712	0.8
2703	0.9333
1014	0.5667
4794	0.9333
20065	0.8111
20028	0.5333
1016	0.7
10026	0.9667
20034	0.7567
4770	0.6867
20040	0.7733
10021	0.9667
2700	0.6833
20041	0.75
[END]


[BEGIN]
## 20220822
** 2023届高三2班
3501	0.818181818		
2697	0.909090909		
2712	0.848484848		
2703	0.909090909		
1014	0.909090909		
4794	0.909090909		
20065	1	0.848484848	1
20028	0.454545455		
1016	0.636363636		
10026	0.757575758		
20034	0.787878788		
4770	0.575757576		
20040	0.696969697		
10021	0.787878788		
2700	0.696969697		
20041	0.727272727		
[END]

[BEGIN]
## 20220823
** 2023届高三8班
3501	1
2697	1
2712	0.78125
2703	0.90625
1014	0.6875
4794	1
20065	0.9375
20028	0.4375
1016	0.53125
10026	0.84375
20034	0.84375
4770	0.65625
20040	0.6875
10021	0.90625
2700	0.5
20041	0.5625
[END]

[BEGIN]
## 20220823
** 2023届高三11班
3501	0.92		
2697	1		
2712	0.64		
2703	0.76		
1014	0.48		
4794	0.88		
20065	1	1	0.92
20028	0.68	0.52	
1016	0.64		
10026	0.92		
20034	0.64		
4770	0.4		
20040	0.84		
10021	1		
2700	0.6		
20041	0.6		
[END]