1. 在研究硝酸钠的可溶性程度时, 观测它在不同温度(单位: ℃)100ｇ的水中的溶解
度(单位: ｇ), 得到如下观测结果:
温度x／℃
10
25
40
50
55
60
65
75
溶解度y／ｇ
81
92
104
114
117
124
130
150
由此得到回归直线的斜率是 .
2. 若对具有线性相关关系的两个变量建立的回归方程为y=-0. 960x+3. 134, 则当
x=50时, y的估计值为 .
8
成对数据的统计分析
142
3. 某产品的广告费投入与销售额的统计数据如下表所示.
广告费x／万元
4
2
3
5
销售额y／万元
49
26
39
54
根据上表建立的回归方程y=＾ax+＾b中, ＾a=9. 4. 9. 4的实际意义是什么?
4. 经过分层抽样得到16名学生高一和高二结束时的数学考试成绩(满分: 100分),
如下表所示.
学生编号
1
2
3
4
5
6
7
8
高一
84
85
71
74
60
58
51
82
高二
84
88
72
73
68
62
60
85
学生编号
9
10
11
12
13
14
15
16
高一
87
69
79
80
83
84
63
54
高二
88
73
84
82
83
83
66
67
(1)绘制这些成对数据的散点图;
(2)计算学生高一和高二数学成绩的相关系数. 根据此相关系数, 你能得出什么
结论?
5. 通过随机询问72名大学生在购买食品时是否读营养说明, 得到如下列联表:
男
女
总计
读营养说明
28
16
44
不读营养说明
8
20
28
总计
36
36
72
根据表中的数据回答: 是否有95％的把握判定性别与读营养说明之间有关系?
B组
1. 某人对一地区近几年的年人均可支配收入x(单位: 千元)与年人均消费支出y(单
位: 千元)进行统计调查, 发现y与x具有线性相关关系, 且得到回归方程y=0. 71x-
1. 814. 若该地区去年的年人均消费支出为4万3千元, 试估计该地区去年的年人均消费支
出占人均可支配收入的百分比.
复习题
143
2. 某连锁日用品销售公司下属5个社区便利店某月的销售额与利润额如下表所示.
便利店编号
1
2
3
4
5
销售额x／万元
30
60
45
80
89
利润额y／万元
2. 3
3. 5
3. 2
4. 0
5. 3
(1)绘制销售额和利润额的散点图;
(2)若销售额和利润额具有线性相关关系, 试计算利润额y与销售额x的回归方程.
3. 某一商品在某地区的年销售额与该地区的居民人数和平均每个家庭每年的总收入都
有关系. 现有16个地区的统计数据, 如下表所示.
地区编号 销售额／
(万元／年)居民人数／
万人
平均家庭总收入／
(万元／年)
地区编号 销售额／
(万元／年)居民人数／
万人
平均家庭总收入／
(万元／年)
1
145
20. 7
6. 9
9
233
33. 0
8. 3
2
83
19. 3
5. 4
10
112
11. 5
8. 3
3
179
27. 1
5. 9
11
147
16. 1
8. 4
4
248
38. 1
7. 2
12
70
4. 4
8. 9
5
237
38. 2
7. 5
13
60
2. 6
8. 9
6
286
40. 5
7. 8
14
98
12. 8
9. 0
7
90
7. 8
7. 8
15
125
15. 1
9. 6
8
165
21. 5
8. 0
16
198
20. 0
10. 7
(1)试分别计算该商品年销售额与地区居民人数和平均每个家庭每年总收入的相关
系数;
(2)选取(1)中相关系数较大的一对数据作回归分析.
4. 为了验证蔬菜植株感染红叶螨能否引起植株对枯萎病的抗性, 随机抽取57棵植株,
获得如下观察数据: 26棵植株感染红叶螨, 其中15株无枯萎病, 11株有枯萎病; 31棵
植株未感染红叶螨, 其中17株无枯萎病, 14株有枯萎病.
(1)根据上述数据制作一张2×2列联表;
(2)这些数据能否说明感染红叶螨可引起植株对枯萎病的抗性这一结论?
拓展与思考
1. 某公司随机调查了45户家庭, 研究其一种产品的家庭人均消费量y与家庭人均月
收入x之间的关系, 得到的数据如下表所示.
8
成对数据的统计分析
144
家庭编号
家庭人均月收入x／元
家庭人均消费量y／元
1
5432
6. 32
2
2336
3. 52
3
3944
6. 32
4
4656
21. 60
5
9246
29. 12
6
17512
76. 00
7
8776
42. 72
8
16624
54. 80
9
14544
46. 72
10
13600
41. 68
11
5976
26. 00
12
13144
25. 28
13
3312
4. 00
14
2832
1. 36
15
10208
15. 04
16
5960
6. 16
17
3480
11. 12
18
4320
4. 48
19
6992
12. 48
20
12344
42. 24
21
8232
5. 12
22
5680
32. 00
23
6696
33. 60
24
13984
39. 04
25
11048
27. 84
26
10040
21. 04
27
14216
39. 92
28
2960
4. 72
29
9040
38. 32
复习题
145
(续表)
家庭编号
家庭人均月收入x／元
家庭人均消费量y／元
30
3704
4. 08
31
6160
13. 92
32
5792
32. 80
33
6464
31. 52
34
6320
6. 68
35
6264
26. 32
36
3248
3. 52
37
9936
25. 92
38
5264
17. 12
39
13968
45. 68
40
3744
5. 12
41
8912
15. 20
42
3304
4. 08
43
14296
66. 64
44
11960
40. 88
45
12208
31. 44
(1)绘制变量y与x的散点图;
(2)计算y与x的相关系数;
(3)试分析研究y与x之间的线性回归关系.
2. 下图是某地区2000年至2016年环境基础设施投资额y(单位: 亿元)的折线图.
(第2题)
8
成对数据的统计分析
146
为预测该地区2018年的环境基础设施投资额, 建立了y与时间变量t的两个线性回
归模型. 其中, 根据2000年至2016年的数据(时间变量t的值依次为1, 2, …, 17)建立
了模型\textcircled{1} : y=-30. 4+13. 5t; 而根据2010年至2016年的数据(时间变量t的值依次为
1, 2, …, 7)建立了模型\textcircled{2} : y=99+17. 5t.
(1)分别利用这两个模型, 求该地区2018年环境基础设施投资额的预测值;
(2)你认为用哪个模型得到的预测值更可靠?  请说明理由.
3. 某地区市场上有80种品牌的饼干, 它们近一段时间内的平均售价(以下简称``价
格'')和销售量的数据如下表所示.
品牌编号 价格／(元／千克) 销售量／千克
品牌编号 价格／(元／千克) 销售量／千克
1
14
1231. 85
23
31. 41
5865. 45
2
34. 62
1465. 89
24
23. 48
6103. 94
3
30. 86
1774. 29
25
23. 6
6243. 10
4
14
1892. 91
26
22. 13
6509. 67
5
36
2324. 44
27
21. 48
6758. 18
6
28. 41
2480. 04
28
25. 03
7100. 93
7
9. 09
2545. 33
29
19. 55
7356. 44
8
44. 84
2568. 11
30
24. 81
7439. 63
9
31. 68
2638. 48
31
20. 92
7627. 28
10
20
3233. 99
32
17. 7
7740. 45
11
14. 67
3518. 17
33
20. 79
7744. 67
12
19. 09
3566. 58
34
24. 63
7989. 30
13
26. 67
4264. 28
35
13. 59
7996. 84
14
17. 51
4672. 33
36
19. 29
8151. 09
15
13
4752. 20
37
20
8231. 85
16
25. 24
4865. 42
38
22. 03
8289. 18
17
31. 1
5042. 91
39
20. 08
8524. 06
18
26. 24
5108. 73
40
19. 03
8689. 36
19
25. 88
5367. 70
41
16. 67
8874. 66
20
17. 81
5465. 26
42
16. 04
8888. 74
21
29. 56
5500. 35
43
14. 12
9005. 62
22
25
5655. 53
44
13. 75
9046. 93
复习题
147
(续表)
品牌编号 价格／(元／千克) 销售量／千克
品牌编号 价格／(元／千克) 销售量／千克
45
19. 87
9384. 98
63
11. 89
15175. 16
46
15. 72
9414. 11
64
10. 08
17658. 74
47
25. 04
9454. 50
65
6. 13
18058. 67
48
14
9731. 32
66
10. 4
19937. 88
49
11. 26
9762. 08
67
12. 7
23055. 87
50
11. 25
9809. 51
68
9. 19
26508. 14
51
20. 92
9924. 99
69
8
29504. 40
52
16. 95
10101. 74
70
5. 22
31693. 07
53
15. 38
10461. 08
71
9. 23
32123. 53
54
13. 88
10561. 53
72
7. 6
34732. 28
55
13. 04
10960. 55
73
8. 33
36321. 39
56
29. 33
11627. 43
74
9. 25
36898. 25
57
4. 9
11838. 62
75
9. 36
38343. 50
58
11. 91
12303. 55
76
8. 42
39033. 51
59
13. 9
12713. 01
77
6. 25
43832. 88
60
17. 78
12830. 94
78
23. 01
112827. 40
61
17. 31
13686. 17
79
8. 7
139493. 10
62
12. 27
14181. 94
80
12. 32
21134. 65
试对这80种品牌饼干近一段时间内的价格和销售量进行回归分析. 